INSERTION

START
L = [12, -2, 34, -98, -4, 0, -23, 12, 32, 13]

STEPS (9 TOTAL)

1)  Move -2 leftward until it is greater than
    the element directly to its left.
    [-2, 12, 34, -98, -4, 0, -23, 12, 32, 13]

2)  Move 34 leftward until it is greater than
    the element directly to its left.
    [-2, 12, 34, -98, -4, 0, -23, 12, 32, 13]

3)  Next is -98
    [-98, -2, 12, 34, -4, 0, -23, 12, 32, 13]

4)  Now -4
    [-98, -4, -2, 12, 34, 0, -23, 12, 32, 13]

5)  0
    [-98, -4, -2, 0, 12, 34, -23, 12, 32, 13]

6)  -23
    [-98, -23, -4, -2, 0, 12, 34, 12, 32, 13]

7)  12
    [-98, -23, -4, -2, 0, 12, 12, 34, 32, 13]

8)  32
    [-98, -23, -4, -2, 0, 12, 12, 32, 34, 13]

9)  13
    [-98, -23, -4, -2, 0, 12, 12, 13, 32, 34]


SELECTION

START
L = [12, -2, 34, -98, -4, 0, -23, 12, 32, 13]

STEPS (9 TOTAL)

1)  -98 is smallest
    [-98, -2, 34, 12, -4, 0, -23, 12, 32, 13]

2)  -23 is smallest
    [-98, -23, 34, 12, -4, 0, -2, 12, 32, 13]

3)  -4 is smallest
    [-98, -23, -4, 12, 34, 0, -2, 12, 32, 13]

4)  -2 is smallest
    [-98, -23, -4, -2, 34, 0, 12, 12, 32, 13]

5)  0 is smallest
    [-98, -23, -4, -2, 0, 34, 12, 12, 32, 13]

6)  12 is smallest
    [-98, -23, -4, -2, 0, 12, 34, 12, 32, 13]

7)  12 is smallest
    [-98, -23, -4, -2, 0, 12, 12, 34, 32, 13]

8)  13 is smallest
    [-98, -23, -4, -2, 0, 12, 12, 13, 32, 34]

9)  32 is smallest
    [-98, -23, -4, -2, 0, 12, 12, 13, 32, 34]
